Body: [[ 680.4   632.      2.  ] - nose
 [ 680.4   960.      2.  ] - neck
 [ 429.3   956.      2.  ] - shoulder_l
 [ 234.9  1404.      2.  ] - elbow_l
 [ 198.45 1072.      2.  ] - wrist_l
 [ 919.35  964.      2.  ] - shoulder_r
 [1117.8  1364.      2.  ] - elbow_r
 [1097.55 1084.      2.  ] - wrist_r
 [ 510.3  1664.      2.  ] - hip l
 [   0.      0.      0.  ]
 [   0.      0.      0.  ]
 [ 805.95 1560.      2.  ] - hip_r
 [   0.      0.      0.  ]
 [   0.      0.      0.  ]
 [ 623.7   580.      2.  ] - eye_l
 [ 741.15  580.      2.  ] - eye_r
 [ 554.85  620.      2.  ] - ear_l
 [ 805.95  632.      2.  ]] - ear_r
Estimating hands keypoints...
Left hand:  [343, 403, 0.5794147]
[292, 369, 0.78549784]
[232, 324, 0.80795956]
[215, 276, 0.8000703]
[185, 232, 0.8078038]
[298, 244, 0.7028827]
[289, 157, 0.812217]
[275, 109, 0.75848913]
[261, 64, 0.74624425]
[353, 244, 0.7447797]
[354, 150, 0.7665718]
[356, 91, 0.86582667]
[368, 45, 0.8035227]
[387, 247, 0.76607144]
[410, 168, 0.7173508]
[420, 109, 0.8334364]
[432, 63, 0.7629751]
[431, 263, 0.80485076]
[463, 203, 0.717043]
[492, 171, 0.7620472]
[509, 138, 0.8101718]

Right hand:  [370, 418, 0.5795807]
[420, 387, 0.63032573]
[478, 340, 0.7452071]
[508, 293, 0.766374]
[552, 263, 0.79319555]
[415, 264, 0.77422816]
[431, 189, 0.8267047]
[445, 141, 0.7705084]
[458, 96, 0.7058419]
[368, 265, 0.7224221]
[355, 175, 0.72509575]
[353, 122, 0.8861735]
[339, 76, 0.8060009]
[322, 278, 0.79922855]
[291, 201, 0.81484634]
[262, 153, 0.9105429]
[246, 107, 0.8499782]
[278, 296, 0.7116895]
[231, 248, 0.7419176]
[201, 217, 0.7932223]
[171, 186, 0.75497556]